CPU 00 seed: 1234611975
CPU 00 count: 157084505
answer: 3.14169010000000000003
error: 0.00009744641020688403
time: 6.8964 s
