CPU 00 seed: 1583387478
CPU 00 count: 157081752
answer: 3.14163504000000000003
error: 0.00004238641020688403
time: 6.9082 s
