CPU 00 seed: 1011897106
CPU 00 count: 157076658
answer: 3.14153316000000000009
error: -0.00005949358979311591
time: 6.8972 s
