CPU 00 seed: 381016136
CPU 00 count: 157087791
answer: 3.14175582000000000005
error: 0.00016316641020688405
time: 6.8890 s
