CPU 00 seed: 2018528390
CPU 00 count: 157084347
answer: 3.14168693999999999993
error: 0.00009428641020688393
time: 6.8890 s
