CPU 00 seed: 729966229
CPU 00 count: 157079838
answer: 3.14159675999999999990
error: 0.00000410641020688390
time: 6.8904 s
