CPU 00 seed: 654396313
CPU 00 count: 157067217
answer: 3.14134433999999999995
error: -0.00024831358979311604
time: 6.9031 s
