CPU 00 seed: 446198787
CPU 00 count: 157085896
answer: 3.14171792000000000005
error: 0.00012526641020688405
time: 6.8943 s
