CPU 00 seed: 1298049436
CPU 00 count: 157081291
answer: 3.14162581999999999992
error: 0.00003316641020688392
time: 6.8973 s
