CPU 00 seed: 1161813877
CPU 00 count: 157086334
answer: 3.14172668000000000006
error: 0.00013402641020688407
time: 6.8835 s
